{
 "cells": [
  {
   "cell_type": "markdown",
   "metadata": {},
   "source": [
    "## Matrix dot operation \n",
    "    1. np.dot(x,y)\n",
    "    2. x.dot(y)\n",
    "    3. x @ np.ones(1,3)"
   ]
  },
  {
   "cell_type": "code",
   "execution_count": 1,
   "metadata": {},
   "outputs": [],
   "source": [
    "import numpy as np"
   ]
  },
  {
   "cell_type": "code",
   "execution_count": 2,
   "metadata": {},
   "outputs": [],
   "source": [
    " x = np.array([[1., 2., 3.], [4., 5., 6.]])"
   ]
  },
  {
   "cell_type": "code",
   "execution_count": 3,
   "metadata": {},
   "outputs": [],
   "source": [
    " y = np.array([[6., 23.], [-1, 7], [8, 9]])"
   ]
  },
  {
   "cell_type": "code",
   "execution_count": 4,
   "metadata": {},
   "outputs": [
    {
     "data": {
      "text/plain": [
       "array([[1., 2., 3.],\n",
       "       [4., 5., 6.]])"
      ]
     },
     "execution_count": 4,
     "metadata": {},
     "output_type": "execute_result"
    }
   ],
   "source": [
    "x"
   ]
  },
  {
   "cell_type": "code",
   "execution_count": 5,
   "metadata": {},
   "outputs": [
    {
     "data": {
      "text/plain": [
       "array([[ 6., 23.],\n",
       "       [-1.,  7.],\n",
       "       [ 8.,  9.]])"
      ]
     },
     "execution_count": 5,
     "metadata": {},
     "output_type": "execute_result"
    }
   ],
   "source": [
    "y"
   ]
  },
  {
   "cell_type": "code",
   "execution_count": 6,
   "metadata": {},
   "outputs": [
    {
     "data": {
      "text/plain": [
       "array([[ 28.,  64.],\n",
       "       [ 67., 181.]])"
      ]
     },
     "execution_count": 6,
     "metadata": {},
     "output_type": "execute_result"
    }
   ],
   "source": [
    "np.dot(x,y)"
   ]
  },
  {
   "cell_type": "code",
   "execution_count": 7,
   "metadata": {},
   "outputs": [
    {
     "data": {
      "text/plain": [
       "array([[ 28.,  64.],\n",
       "       [ 67., 181.]])"
      ]
     },
     "execution_count": 7,
     "metadata": {},
     "output_type": "execute_result"
    }
   ],
   "source": [
    "x.dot(y)"
   ]
  },
  {
   "cell_type": "markdown",
   "metadata": {},
   "source": [
    "## Inverse and Determinant\n",
    "    1. inv(mat)\n",
    "    2."
   ]
  },
  {
   "cell_type": "code",
   "execution_count": 45,
   "metadata": {},
   "outputs": [],
   "source": [
    "from numpy.linalg import inv, qr, det"
   ]
  },
  {
   "cell_type": "code",
   "execution_count": 19,
   "metadata": {},
   "outputs": [],
   "source": [
    "X = np.random.randn(5, 5)"
   ]
  },
  {
   "cell_type": "code",
   "execution_count": 20,
   "metadata": {},
   "outputs": [
    {
     "data": {
      "text/plain": [
       "array([[-1.44303441, -1.19863733,  0.71660558, -1.08700652, -1.03955699],\n",
       "       [ 0.0281544 , -1.48776195,  0.09452265, -1.8669799 , -0.55705973],\n",
       "       [-0.24756927, -1.2240413 , -0.98489168, -0.98942276, -0.58523544],\n",
       "       [ 1.1222637 , -1.97509847, -0.39010755, -0.3837862 ,  0.72670421],\n",
       "       [ 0.85850563,  0.64701429,  0.12568829, -0.46106174,  0.62118419]])"
      ]
     },
     "execution_count": 20,
     "metadata": {},
     "output_type": "execute_result"
    }
   ],
   "source": [
    "X"
   ]
  },
  {
   "cell_type": "code",
   "execution_count": 21,
   "metadata": {},
   "outputs": [],
   "source": [
    " mat = X.T.dot(X)"
   ]
  },
  {
   "cell_type": "code",
   "execution_count": 22,
   "metadata": {},
   "outputs": [
    {
     "data": {
      "text/plain": [
       "array([[ 4.14093924,  0.32970697, -1.11749581,  0.93444136,  2.97816302],\n",
       "       [ 0.32970697,  9.4680856 ,  1.05779361,  5.75134456,  1.75777912],\n",
       "       [-1.11749581,  1.05779361,  1.66045115,  0.11081525, -0.42663081],\n",
       "       [ 0.93444136,  5.75134456,  0.11081525,  6.00602427,  2.1837665 ],\n",
       "       [ 2.97816302,  1.75777912, -0.42663081,  2.1837665 ,  2.64746362]])"
      ]
     },
     "execution_count": 22,
     "metadata": {},
     "output_type": "execute_result"
    }
   ],
   "source": [
    "mat"
   ]
  },
  {
   "cell_type": "code",
   "execution_count": 23,
   "metadata": {},
   "outputs": [
    {
     "data": {
      "text/plain": [
       "array([[ 11.43279238,  -0.58365887,   3.81666796,   4.31570237,\n",
       "        -15.41813604],\n",
       "       [ -0.58365887,   0.3228786 ,  -0.35989513,  -0.50198098,\n",
       "          0.79825418],\n",
       "       [  3.81666796,  -0.35989513,   2.01610774,   1.52792589,\n",
       "         -4.98988648],\n",
       "       [  4.31570237,  -0.50198098,   1.52792589,   2.14547855,\n",
       "         -6.04497728],\n",
       "       [-15.41813604,   0.79825418,  -4.98988648,  -6.04497728,\n",
       "         21.37387166]])"
      ]
     },
     "execution_count": 23,
     "metadata": {},
     "output_type": "execute_result"
    }
   ],
   "source": [
    "inv(mat)"
   ]
  },
  {
   "cell_type": "code",
   "execution_count": 24,
   "metadata": {},
   "outputs": [
    {
     "data": {
      "text/plain": [
       "array([[ 1.00000000e+00,  7.14680638e-17, -7.87036586e-16,\n",
       "        -1.46832225e-15, -1.02850546e-15],\n",
       "       [ 1.72497540e-15,  1.00000000e+00, -8.53703918e-16,\n",
       "        -9.80503864e-17, -3.36257258e-15],\n",
       "       [ 3.59111386e-16, -5.43488599e-17,  1.00000000e+00,\n",
       "         1.50912507e-15, -2.43329838e-16],\n",
       "       [ 7.25686212e-18,  1.27978808e-16, -3.27849970e-16,\n",
       "         1.00000000e+00, -5.58798743e-15],\n",
       "       [ 2.99515472e-15,  1.64562951e-16, -2.09202432e-15,\n",
       "        -5.94073905e-16,  1.00000000e+00]])"
      ]
     },
     "execution_count": 24,
     "metadata": {},
     "output_type": "execute_result"
    }
   ],
   "source": [
    "mat.dot(inv(mat))"
   ]
  },
  {
   "cell_type": "code",
   "execution_count": 26,
   "metadata": {},
   "outputs": [],
   "source": [
    "Y = np.array([[2,1,1], [3,2,1], [2,1,2]])"
   ]
  },
  {
   "cell_type": "code",
   "execution_count": 27,
   "metadata": {},
   "outputs": [
    {
     "data": {
      "text/plain": [
       "array([[2, 1, 1],\n",
       "       [3, 2, 1],\n",
       "       [2, 1, 2]])"
      ]
     },
     "execution_count": 27,
     "metadata": {},
     "output_type": "execute_result"
    }
   ],
   "source": [
    "Y"
   ]
  },
  {
   "cell_type": "code",
   "execution_count": 32,
   "metadata": {},
   "outputs": [],
   "source": [
    "mat=Y"
   ]
  },
  {
   "cell_type": "code",
   "execution_count": 33,
   "metadata": {},
   "outputs": [
    {
     "data": {
      "text/plain": [
       "array([[2, 1, 1],\n",
       "       [3, 2, 1],\n",
       "       [2, 1, 2]])"
      ]
     },
     "execution_count": 33,
     "metadata": {},
     "output_type": "execute_result"
    }
   ],
   "source": [
    "mat"
   ]
  },
  {
   "cell_type": "code",
   "execution_count": 34,
   "metadata": {},
   "outputs": [
    {
     "data": {
      "text/plain": [
       "array([[ 3., -1., -1.],\n",
       "       [-4.,  2.,  1.],\n",
       "       [-1.,  0.,  1.]])"
      ]
     },
     "execution_count": 34,
     "metadata": {},
     "output_type": "execute_result"
    }
   ],
   "source": [
    "inv(mat)"
   ]
  },
  {
   "cell_type": "code",
   "execution_count": 35,
   "metadata": {},
   "outputs": [
    {
     "data": {
      "text/plain": [
       "array([[1., 0., 0.],\n",
       "       [0., 1., 0.],\n",
       "       [0., 0., 1.]])"
      ]
     },
     "execution_count": 35,
     "metadata": {},
     "output_type": "execute_result"
    }
   ],
   "source": [
    "mat.dot(inv(mat))"
   ]
  },
  {
   "cell_type": "code",
   "execution_count": 36,
   "metadata": {},
   "outputs": [],
   "source": [
    "q, r = qr(mat)"
   ]
  },
  {
   "cell_type": "code",
   "execution_count": 37,
   "metadata": {},
   "outputs": [
    {
     "data": {
      "text/plain": [
       "array([[-4.85071250e-01,  5.14495755e-01, -7.07106781e-01],\n",
       "       [-7.27606875e-01, -6.85994341e-01,  1.66533454e-16],\n",
       "       [-4.85071250e-01,  5.14495755e-01,  7.07106781e-01]])"
      ]
     },
     "execution_count": 37,
     "metadata": {},
     "output_type": "execute_result"
    }
   ],
   "source": [
    "q"
   ]
  },
  {
   "cell_type": "code",
   "execution_count": 38,
   "metadata": {},
   "outputs": [
    {
     "data": {
      "text/plain": [
       "array([[-4.12310563, -2.42535625, -2.18282063],\n",
       "       [ 0.        , -0.34299717,  0.85749293],\n",
       "       [ 0.        ,  0.        ,  0.70710678]])"
      ]
     },
     "execution_count": 38,
     "metadata": {},
     "output_type": "execute_result"
    }
   ],
   "source": [
    "r"
   ]
  },
  {
   "cell_type": "code",
   "execution_count": 39,
   "metadata": {},
   "outputs": [],
   "source": [
    "my_mat = np.array([[1,2,3], [4,5,6], [7,8,9]])"
   ]
  },
  {
   "cell_type": "code",
   "execution_count": 40,
   "metadata": {},
   "outputs": [
    {
     "data": {
      "text/plain": [
       "array([[1, 2, 3],\n",
       "       [4, 5, 6],\n",
       "       [7, 8, 9]])"
      ]
     },
     "execution_count": 40,
     "metadata": {},
     "output_type": "execute_result"
    }
   ],
   "source": [
    "my_mat"
   ]
  },
  {
   "cell_type": "code",
   "execution_count": 41,
   "metadata": {},
   "outputs": [
    {
     "data": {
      "text/plain": [
       "array([1, 5, 9])"
      ]
     },
     "execution_count": 41,
     "metadata": {},
     "output_type": "execute_result"
    }
   ],
   "source": [
    "np.diag(my_mat)"
   ]
  },
  {
   "cell_type": "code",
   "execution_count": 42,
   "metadata": {},
   "outputs": [
    {
     "data": {
      "text/plain": [
       "15"
      ]
     },
     "execution_count": 42,
     "metadata": {},
     "output_type": "execute_result"
    }
   ],
   "source": [
    "np.trace(my_mat)"
   ]
  },
  {
   "cell_type": "code",
   "execution_count": null,
   "metadata": {},
   "outputs": [],
   "source": []
  },
  {
   "cell_type": "markdown",
   "metadata": {},
   "source": [
    "    Function Description\n",
    "    diag -  Return the diagonal (or off-diagonal) elements of a square matrix as a 1D array, or convert a \n",
    "            1D array into a square matrix with zeros on the off-diagonal\n",
    "            \n",
    "    dot  -  Matrix multiplication\n",
    "    \n",
    "    trace-  Compute the sum of the diagonal elements\n",
    "    \n",
    "    det  -  Compute the matrix determinant\n",
    "    \n",
    "    eig  -  Compute the eigenvalues and eigenvectors of a square matrix\n",
    "    \n",
    "    inv  -  Compute the inverse of a square matrix\n",
    "    \n",
    "    pinv -  Compute the Moore-Penrose pseudo-inverse of a matrix\n",
    "    \n",
    "    qr   -  Compute the QR decomposition\n",
    "    \n",
    "    svd  -  Compute the singular value decomposition (SVD)\n",
    "    \n",
    "    solve-  Solve the linear system Ax = b for x, where A is a square matrix\n",
    "    \n",
    "    lstsq-  Compute the least-squares solution to Ax = b"
   ]
  },
  {
   "cell_type": "markdown",
   "metadata": {},
   "source": [
    "## 4.6 Pseudorandom Number Generation"
   ]
  },
  {
   "cell_type": "code",
   "execution_count": 51,
   "metadata": {},
   "outputs": [],
   "source": [
    "samples = np.random.normal(size=(4, 4))"
   ]
  },
  {
   "cell_type": "code",
   "execution_count": 52,
   "metadata": {},
   "outputs": [
    {
     "data": {
      "text/plain": [
       "array([[ 0.30444151,  1.51058183, -0.21114122,  1.64493464],\n",
       "       [-0.13054447, -0.72748717, -1.9675606 ,  0.08304259],\n",
       "       [-0.41514331, -1.12825091, -0.10057881,  1.43493171],\n",
       "       [ 0.09241128, -1.33175129,  0.48008306, -3.08164137]])"
      ]
     },
     "execution_count": 52,
     "metadata": {},
     "output_type": "execute_result"
    }
   ],
   "source": [
    "samples"
   ]
  },
  {
   "cell_type": "code",
   "execution_count": null,
   "metadata": {},
   "outputs": [],
   "source": []
  }
 ],
 "metadata": {
  "kernelspec": {
   "display_name": "Python 2",
   "language": "python",
   "name": "python2"
  },
  "language_info": {
   "codemirror_mode": {
    "name": "ipython",
    "version": 2
   },
   "file_extension": ".py",
   "mimetype": "text/x-python",
   "name": "python",
   "nbconvert_exporter": "python",
   "pygments_lexer": "ipython2",
   "version": "2.7.12"
  }
 },
 "nbformat": 4,
 "nbformat_minor": 2
}
